0
0
0
0
0
0
0
0
0
0
0
0
0
0
0
0
0
0
0
0
0
0
0
0
0
0
0
0
0
0
0
0
0
0
0
0
0
0
0
0
0
0
0
0
0
0
0
0
0
0
0
0
0
0
0
0
0
0
0
0
0
0
0
0
0
0
0
0
0
0
0
0
0
0
0
0
0
0
0
0
0
0
0
0
0
0
0
0
0
0
0
0
0
0
0
0
0
0
0
0
0
0
0
0
0
0
0
0
0
0
0
0
0
0
0
0
0
0
0
0
0
0
0
0
0
0
0
0
0
0
0
0
0
0
0
0
0
0
0
0
0
0
0
0
0
0
0
0
0
0
0
0
0
0
0
0
0
0
0
0
0
0
0
0
0
0
0
0
0
0
0
0
0
0
0
0
0
0
0
0
0
0
0
0
0
0
0
0
0
0
0
0
0
0
0
0
0
0
0
0
0
0
0
0
1,458
1,852
1,806
1,776
1,762
2,393
1,800
1,652
925
904
2,022
1,472
1,563
1,709
1,707
2,023
2,545
2,027
2,178
2,171
2,021
2,337
2,612
2,736
3,023
3,166
2,244
2,222
2,079
2,036
2,232
2,121
0
1,710
1,686
2,762
2,107
2,613
2,180
2,081
1,722
1,135
1,614
1,510
1,354
1,426
1,145
1,043
958
1,665
1,857
1,958
1,109
960
2,275
1,416
0
0
988
1,290
555
2,143
1,856
1,747
2,044
1,644
1,598
1,233
1,061
884
445
1,490
1,641
1,264
1,995
570
1,809
1,678
1,202
701
977
801
1,035
966
658
1,613
1,338
1,930
2,092
432
508
879
947
1,385
1,690
949
327
353
364
137
198
357
190
284
6
12
169
341
406
200
48
338
3
317
64
321
443
23
156
626
241
469
233
283
7
66
4
140
16
263
136
112
308
344
106
146
164
115
97
188
184
191
85
142
21
155
106
145
183
163
172
302
163
311
163
167
197
102
190
240
142
21
95
112
236
128
205
238
110
52
226
185
233
177
142
113
264
186
181
69
194
39
124
119
171
166
190
93
165
156
110
83
140
183
114
63
276
126
180
188
121
245
178
146
193
177
157
160
163
56
69
53
143
180
296
210
292
308
172
180
16
167
101
0
255
197
112
218
194
127
90
163
52
67
9
120
107
60
75
148
75
178
0
133
169
114
103
113
227
152
76
155
92
122
124
74
158
128
89
165
95
155
117
109
158
144
145
129
129
246
92
80
170
86
191
101
161
174
116
133
264
0
159
147
147
75
62
47
37
202
168
225
124
160
185
59
157
201
89
146
198
126
89
133
69
118
46
140
112
113
222
152
224
68
69
272
141
228
79
82
173
147
154
177
180
166
129
138
108
127
68
62
68
133
162
101
107
182
99
124
220
145
131
123
106
164
126
181
222
67
230
99
103
159
176
86
198
77
253
104
178
140
183
193
176
216
224
170
110
219
220
156
157
159
174
199
85
186
201
201
149
112
199
216
135
122
146
220
96
160
232
197
215
145
117
121
209
155
244
85
108
121
69
53
210
93
87
123
140
275
101
153
155
187
222
218
101
158
217
209
266
231
166
134
192
200
167
196
147
148
216
266
97
152
102
119
126
101
188
264
159
179
147
144
264
253
107
150
269
204
163
121
165
142
199
64
205
166
167
117
173
192
159
350
171
151
158
152
213
207
184
221
166
132
280
232
301
260
267
197
242
146
107
55
133
272
56
178
325
212
108
132
193
200
212
101
250
97
126
129
153
179
257
151
172
87
165
186
219
178
177
180
273
154
152
102
175
239
125
219
144
88
199
83
71
165
157
164
149
112
147
193
169
155
140
128
184
126
192
118
105
201
160
202
112
92
292
118
195
120
115
202
104
122
113
187
160
224
271
88
182
243
141
82
135
159
117
119
68
142
153
104
113
40
4
78
14
111
95
121
210
104
174
7
89
101
94
0
78
47
100
5
0
188
154
126
81
190
50
275
102
120
90
182
7
153
181
70
152
172
231
41
100
177
237
173
207
178
214
56
69
130
72
22
182
125
96
48
91
105
163
123
103
122
152
150
22
0
0
0
0
0
0
0
0
0
0
0
0
0
0
0
0
0
0
0
0
0
0
0
0
0
0
0
0
0
0
0
0
0
0
0
0
0
0
0
0
0
0
0
0
0
0
0
0
0
0
0
0
0
0
0
0
0
0
0
0
0
0
0
0
0
0
0
0
0
0
0
0
0
0
0
0
0
0
0
0
0
0
0
0
0
0
0
0
0
0
0
0
0
0
0
0
0
0
0
0
0
0
0
0
0
0
0
0
0
0
0
0
0
0
0
0
0
0
0
0
0
0
0
0
0
0
0
0
0
0
0
0
0
0
0
0
0
0
0
0
0
0
0
0
0
0
0
0
0
0
0
0
0
0
0
0
0
0
0
0
0
0
0
0
0
0
0
0
0
0
0
0
0
0
0
0
0
0
0
0
0
0
0
0
0
0
0
0
0
0
0
0
0
0
0
0
0
0
0
0
0
0
0
0
0
0
0
0
0
0
0
0
0
0
0
0
0
0
0
0
0
0
0
0
0
0
0
0
0
0
0
0
0
0
0
0
0
0
0
0
0
0
0
0
0
0
0
0
0
0
0
0
0
0
0
0
0
0
0
0
0
0
0
0
0
0
0
0
0
0
0
0
0
0
0