0
0
0
0
0
0
0
0
0
0
0
0
0
0
0
0
0
0
0
0
0
0
0
0
0
0
0
0
0
0
0
0
0
0
0
0
0
0
0
0
0
0
0
0
0
0
0
0
0
0
0
0
0
0
0
0
0
0
0
0
0
0
0
0
0
0
0
0
0
0
0
0
0
0
0
0
0
0
0
0
0
0
0
0
0
0
0
0
0
0
0
0
0
0
0
0
0
0
0
0
0
0
0
0
0
0
0
0
0
0
0
0
0
0
0
0
0
0
0
0
0
0
0
0
0
0
0
0
0
0
0
0
0
0
0
0
0
0
0
0
0
0
0
0
0
0
0
0
0
0
0
0
0
0
0
0
0
0
0
0
0
0
0
0
0
0
0
0
0
0
0
0
0
0
0
0
0
0
0
0
0
0
0
0
0
0
0
0
0
0
0
0
0
0
0
0
0
0
0
0
0
0
0
0
32
131
71
72
54
124
71
38
22
14
90
53
49
38
39
55
103
50
94
45
47
57
163
96
178
167
55
47
84
70
61
68
0
44
80
90
52
85
100
68
38
38
25
29
32
34
29
21
27
34
39
89
35
31
163
34
0
0
34
37
12
117
85
50
65
38
30
26
29
20
15
33
44
62
69
7
48
42
28
17
26
89
99
112
40
117
143
271
105
14
12
20
27
32
29
19
7
8
7
12
2
9
3
12
0
0
7
10
2
15
7
14
0
32
6
12
5
0
5
25
7
30
11
7
0
0
0
15
2
4
3
3
8
4
5
10
12
4
10
6
23
24
7
6
4
13
5
3
12
10
9
21
23
33
38
47
21
5
10
6
8
4
3
13
18
10
23
28
5
0
19
12
10
7
6
10
13
10
19
7
13
4
6
6
8
8
13
6
8
7
1
4
8
12
10
9
22
10
29
17
17
18
8
6
17
18
11
6
14
3
6
8
12
11
18
10
14
33
18
18
0
9
4
0
21
35
3
19
32
9
6
24
9
6
1
4
2
1
4
6
5
6
0
9
4
5
3
9
13
7
3
6
2
6
8
6
29
25
9
23
11
11
12
7
8
27
36
13
15
17
15
5
25
1
8
7
26
35
32
18
23
0
15
22
17
13
21
14
12
11
43
18
9
21
16
7
17
20
6
24
17
13
7
5
13
11
1
12
5
10
14
16
10
0
3
7
9
12
5
9
7
10
7
5
13
8
15
12
13
8
6
15
7
13
16
22
20
13
11
7
16
23
4
8
6
5
3
17
6
3
4
3
5
17
6
7
10
4
14
9
9
17
15
10
7
13
7
16
10
15
17
16
4
17
4
13
8
13
10
12
6
5
11
9
7
5
4
13
8
13
12
21
5
19
28
18
13
25
26
7
4
9
7
2
10
6
7
13
6
18
5
8
11
9
16
9
5
7
23
23
16
19
12
6
6
6
15
16
13
7
15
48
7
36
19
11
24
10
11
42
10
18
14
18
14
17
5
3
11
17
5
8
7
11
7
5
9
15
15
7
9
13
10
15
18
8
6
9
21
31
34
57
21
18
14
50
27
15
17
11
13
14
6
11
11
24
10
13
44
9
6
2
7
17
18
9
9
5
6
8
6
11
13
5
10
10
9
9
36
39
50
8
19
21
13
12
13
21
9
7
10
6
12
1
6
8
7
13
9
5
7
13
11
6
8
6
16
6
6
7
8
10
10
11
9
4
15
6
10
7
5
7
4
14
5
17
34
76
87
6
17
18
10
5
8
12
12
8
5
24
5
3
7
2
2
3
0
6
9
6
13
2
12
1
3
15
5
0
2
2
5
0
0
36
35
14
24
37
5
24
7
9
0
68
11
56
61
35
51
39
86
21
29
70
92
14
15
19
9
5
23
67
37
3
11
7
7
2
4
16
4
12
24
23
14
11
0
0
0
0
0
0
0
0
0
0
0
0
0
0
0
0
0
0
0
0
0
0
0
0
0
0
0
0
0
0
0
0
0
0
0
0
0
0
0
0
0
0
0
0
0
0
0
0
0
0
0
0
0
0
0
0
0
0
0
0
0
0
0
0
0
0
0
0
0
0
0
0
0
0
0
0
0
0
0
0
0
0
0
0
0
0
0
0
0
0
0
0
0
0
0
0
0
0
0
0
0
0
0
0
0
0
0
0
0
0
0
0
0
0
0
0
0
0
0
0
0
0
0
0
0
0
0
0
0
0
0
0
0
0
0
0
0
0
0
0
0
0
0
0
0
0
0
0
0
0
0
0
0
0
0
0
0
0
0
0
0
0
0
0
0
0
0
0
0
0
0
0
0
0
0
0
0
0
0
0
0
0
0
0
0
0
0
0
0
0
0
0
0
0
0
0
0
0
0
0
0
0
0
0
0
0
0
0
0
0
0
0
0
0
0
0
0
0
0
0
0
0
0
0
0
0
0
0
0
0
0
0
0
0
0
0
0
0
0
0
0
0
0
0
0
0
0
0
0
0
0
0
0
0
0
0
0
0
0
0
0
0
0
0
0
0
0
0
0
0
0
0
0
0
0
0