974
323
718
1257
660
1408
398
1150
633
880
841
667
386
930
535
1211
477
739
551
800
740
612
262
312
605
607
508
205
293
561
590
1225
1324
853
613
687
580
492
568
580
572
811
235
804
771
446
783
382
521
472
472
643
348
411
847
617
788
602
1115
736
644
511
507
1134
934
536
497
846
747
1059
618
840
870
597
565
592
518
881
929
1072
384
528
662
465
623
629
434
605
746
733
1141
1057
495
415
498
852
711
619
938
573
883
1062
1147
968
411
307
588
576
614
324
461
577
482
470
789
395
465
539
550
447
612
630
810
539
1012
815
1016
1056
809
267
864
1255
710
759
1076
738
558
1773
1177
343
531
598
448
334
200
179
700
524
632
553
391
332
624
486
433
636
444
429
400
531
181
320
576
696
623
277
659
1204
406
317
107
399
567
778
522
668
1787
1374
1337
955
1288
1328
1918
1106
1531
1795
573
429
621
685
399
657
491
425
382
631
266
543
459
333
292
636
807
678
572
479
446
512
453
355
461
514
569
335
299
243
506
569
391
424
759
460
498
350
350
210
589
291
272
467
204
180
173
458
1391
367
490
368
349
464
1040
740
852
699
556
1030
480
1006
282
281
179
342
149
143
199
214
489
544
380
290
337
665
374
676
351
340
362
798
451
411
817
512
313
296
772
672
688
370
573
1124
474
265
473
500
127
277
331
673
449
399
357
428
495
418
541
670
637
542
653
967
769
476
722
531
567
476
486
506
645
250
368
553
950
347
466
373
533
0
0
37
173
98
203
84
299
2
0
719
47
911
508
1891
1684
1749
1225
983
857
963
1118
1533
1959
0
631
751
321
286
495
650
553
522
242
540
337
552
494
209
177
528
396
212
557
329
174
317
280
493
984
712
356
1053
1172
934
235
866
824
1061
912
900
1087
576
445
495
516
520
448
629
612
550
565
619
609
352
469
431
182
461
426
764
685
450
726
751
763
1701
1777
1652
1596
1559
1565
715
966
1045
1370
2851
2460
2389
1502
1240
1543
1354
935
1006
981
1264
747
733
1018
414
783
1009
942
1009
538
1019
1128
1056
796
756
836
998
683
859
668
702
552
837
522
714
585
490
675
565
735
671
702
582
843
531
527
496
680
754
736
559
683
566
686
552
654
519
611
1044
1052
1148
614
1344
1211
667