190
28
146
188
102
350
158
306
115
284
170
134
122
71
218
154
125
125
99
93
58
81
34
33
83
80
109
27
39
88
70
224
684
263
241
95
64
41
105
49
51
67
17
81
81
34
48
35
39
49
25
45
32
11
172
27
21
25
44
23
22
23
20
54
38
22
19
106
40
78
48
74
92
62
114
57
96
145
162
379
230
301
323
224
302
274
150
183
245
217
128
260
170
23
44
118
208
32
95
34
28
57
94
33
14
11
10
26
18
11
15
18
22
16
19
10
9
24
17
20
33
33
76
52
121
73
209
227
162
78
267
359
100
117
164
121
83
129
99
25
28
21
18
6
5
6
23
22
34
32
15
19
38
26
30
50
46
21
45
14
7
26
35
92
137
34
135
265
35
50
36
30
22
39
44
36
352
312
195
216
334
259
482
363
422
696
147
127
137
218
141
152
62
55
38
79
45
69
33
47
44
133
192
186
197
163
270
302
295
315
285
310
294
100
79
65
164
155
111
95
219
128
156
107
101
42
107
67
62
110
62
43
32
114
339
75
91
113
88
97
227
159
215
152
135
206
142
229
79
60
53
108
58
47
52
51
124
169
123
108
174
388
199
485
267
360
285
634
388
376
634
567
290
297
633
600
602
359
445
481
265
111
252
197
50
136
141
386
186
141
160
198
277
191
191
288
197
162
249
224
361
309
429
379
344
215
302
235
453
104
277
389
762
320
436
370
352
0
0
4
29
23
58
26
74
3
0
323
24
327
192
553
772
686
729
797
715
936
1050
641
788
1
878
823
470
369
582
777
428
469
197
653
502
635
528
330
207
692
350
256
712
339
127
396
386
763
347
212
172
459
468
357
41
270
916
904
845
824
1024
438
447
343
306
439
530
643
504
499
518
689
767
317
428
467
200
346
448
525
665
372
878
829
772
1744
1607
1758
2090
2056
1307
535
688
742
807
606
435
419
1252
1179
1570
1345
352
298
401
589
333
267
509
276
631
379
370
540
175
333
325
489
527
369
455
686
459
484
519
338
302
365
280
488
401
399
470
337
523
414
679
663
829
355
433
473
641
771
649
453
572
410
730
357
686
249
290
550
437
501
208
483
378
310